0 0.5865350020431035 0.663591539580508 0.11023858411256367 0.15289418973360752
0 0.10494709611461621 0.18314010524692703 0.0888584878015557 0.10281593528498316
0 0.2537976865718917 0.12593905338349143 0.1475931383672898 0.12942219764227278
0 0.4171243883672898 0.14040475448580533 0.11002496067419258 0.1161754397336074
0 0.57571359318775 0.14608570459953607 0.11709711729005079 0.12349319121648214
0 0.08756064997655888 0.4167511012925943 0.13827722570130732 0.13919644566510653
0 0.09123613758172287 0.6457528517868859 0.1328448371376258 0.14522361117842592
0 0.24910668315404613 0.3936531353987139 0.13532039734428025 0.1679753616727176
0 0.23163842378427227 0.6132016314443811 0.09374143052176746 0.1366006862735663
0 0.4230457155459665 0.8896871714819998 0.10564198770335978 0.16832818874502423
0 0.41491453209733276 0.700338169999125 0.17797552995603336 0.11581995406806342
0 0.5731457094958423 0.909273823887297 0.13075561719185505 0.18145235222540598
0 0.42042314695149674 0.4389059214819998 0.1507363190854491 0.13267453163466172
0 0.5829595083878153 0.45177728908621645 0.16701075887879463 0.11068678509470278
0 0.7578151044042356 0.7025943256637939 0.1301329275949014 0.08184686068413463
0 0.7546117945903645 0.42049940866759955 0.14764768052176755 0.13879719764227277
0 0.7402982679539809 0.10827132269804438 0.13130960821486468 0.14984744418223173
0 0.9290022196511831 0.18859944573946855 0.12136243647369582 0.18537110870696819
0 0.9122697584860111 0.40036727528323307 0.15308915944452864 0.13433253212895319
0 0.9012787580932275 0.659232939313678 0.10237608713762576 0.14398210475263545