0 0.5828125 0.63984375 0.109375 0.1484375
0 0.10390625 0.17890625 0.08828125 0.09921875
0 0.253125 0.115625 0.146875 0.1234375
0 0.41640625 0.1234375 0.109375 0.11171875
0 0.575 0.12265625 0.11640625 0.11875
0 0.08515625 0.41328125 0.1375 0.13359375
0 0.0875 0.6421875 0.13203125 0.13984375
0 0.246875 0.38359375 0.134375 0.1625
0 0.228125 0.60390625 0.09296875 0.1328125
0 0.41796875 0.87265625 0.1046875 0.1640625
0 0.4109375 0.68359375 0.17734375 0.10859375
0 0.56796875 0.88984375 0.1296875 0.18359375
0 0.41796875 0.421875 0.15 0.1265625
0 0.58046875 0.428125 0.16640625 0.10390625
0 0.75390625 0.671875 0.1296875 0.0765625
0 0.75234375 0.38984375 0.146875 0.1328125
0 0.73984375 0.078125 0.13046875 0.14453125
0 0.928125 0.15078125 0.1203125 0.18046875
0 0.91015625 0.36328125 0.15234375 0.128125
0 0.89765625 0.62265625 0.1015625 0.13984375