0 0.6088841349416033 0.6194914890305908 0.11542336463846717 0.15225695916315996
0 0.11119612106425783 0.1752777637949981 0.09232410425834385 0.10230159918169335
0 0.257836357718385 0.10678568022240136 0.15190469269935694 0.12856648801910048
0 0.4214359426993569 0.10889627332882693 0.11392719022789902 0.1155382091631599
0 0.5799978592012598 0.10257680754224505 0.1212449417107738 0.12281499582364877
0 0.10199617049341654 0.41030752822296834 0.14294352817462044 0.13839535580511536
0 0.1136671354358949 0.639131932669472 0.13772944615939803 0.14445438284695733
0 0.26250524756572313 0.37497268503172476 0.14099636760421674 0.16719247840045365
0 0.2527322940291323 0.5959399494596951 0.09838044467652321 0.136059040288686
0 0.45352676737456765 0.858060459626496 0.11137253460041112 0.16771826805616746
0 0.43879181083504626 0.6692434962869849 0.18176860623551025 0.11478673021455207
0 0.6042271043327059 0.870009844202734 0.13716837205284094 0.18812253729346082
0 0.43515883897248575 0.407279209626496 0.1551570266917457 0.13180061542376223
0 0.5979135069572633 0.407854584584087 0.17064010524692713 0.10971728429823617
0 0.7812830583635884 0.6455480136253621 0.13280718281352524 0.081091287293461
0 0.7682286655505006 0.36357132732769293 0.1522866946765234 0.1379414880191005
0 0.7430270998097196 0.0634163732593265 0.1363579471479813 0.126832746518653
0 0.9342688651327589 0.11837041081547164 0.12766603806045218 0.18467015507947587
0 0.923088302385613 0.3314978933922765 0.15382339522877403 0.13344496097725847
0 0.9230275479834649 0.5913094030109234 0.10726069615939834 0.14339039065150558